return {
    1693823310, 2899338888, 4054975917, 7293740215, 2741044294, 1086868382,
    4488303849, 2051969082, 2339145801, 5092801562, 7846593406, 2219273992,
    6072505843, 3812885877, 4901090068, 3663203854, 8079525477, 4828373510,
    7999009952, 684155222, 9351018329, 3696490368, 2751870223, 2553840307,
    2700960447, 522319, 2623765972, 3911804532, 3914769787, 9383865319,
    1159798816, 1575839662, 2002271267, 5379634121, 1052760544, 3888189907,
    1754431789, 2576486695, 4406065054, 4628397074, 1737191401, 9582734596,
    8429667504, 9043743342, 4102097368, 1575262847, 8429667504, 2541547859,
    10284991568, 4157048785
}
